image_width: 640
image_height: 480
camera_name: narrow_stereo/left
camera_matrix:
  rows: 3
  cols: 3
  data: [550.237521, 0.000000, 316.084611, 0.000000, 551.144874, 249.401631, 0.000000, 0.000000, 1.000000]
distortion_model: plumb_bob
distortion_coefficients:
  rows: 1
  cols: 5
  data: [-0.089307, 0.098502, 0.004220, 0.001355, 0.000000]
rectification_matrix:
  rows: 3
  cols: 3
  data: [0.999665, 0.005649, 0.025272, -0.005873, 0.999944, 0.008780, -0.025220, -0.008926, 0.999642]
projection_matrix:
  rows: 3
  cols: 4
  data: [549.079929, 0.000000, 301.753460, 0.000000, 0.000000, 549.079929, 244.753551, 0.000000, 0.000000, 0.000000, 1.000000, 0.000000]
