# oST version 5.0 parameters


[image]

width
640

height
480

[narrow_stereo/left]

camera matrix
550.237521 0.000000 316.084611
0.000000 551.144874 249.401631
0.000000 0.000000 1.000000

distortion
-0.089307 0.098502 0.004220 0.001355 0.000000

rectification
0.999665 0.005649 0.025272
-0.005873 0.999944 0.008780
-0.025220 -0.008926 0.999642

projection
549.079929 0.000000 301.753460 0.000000
0.000000 549.079929 244.753551 0.000000
0.000000 0.000000 1.000000 0.000000

# oST version 5.0 parameters


[image]

width
640

height
480

[narrow_stereo/right]

camera matrix
544.710324 0.000000 315.552925
0.000000 546.285223 237.649564
0.000000 0.000000 1.000000

distortion
-0.089842 0.111234 0.001197 0.000479 0.000000

rectification
0.999833 0.006601 0.017018
-0.006450 0.999940 -0.008909
-0.017075 0.008798 0.999815

projection
549.079929 0.000000 301.753460 223.918624
0.000000 549.079929 244.753551 0.000000
0.000000 0.000000 1.000000 0.000000

